3
3
4 5 6 7 8 9 10 11 12 13 14 15 
16 5 6 17 18 19 20 21 22 23 24 25 19 26 
27 5 28 19 29 30 31 32 33 19 31 34 6 
35 5 6 36 28 19 37 38 39 28 19 40 24 41 
42 32 43 5 28 44 45 46 47 21 48 28 49 
50 5 28 34 51 52 19 53 6 32 18 54 55 28 5 19 
56 
57 5 28 58 59 60 61 59 62 6 63 64 62 
65 6 66 67 68 56 
69 5 28 70 7 71 72 73 24 74 6 75 23 76 
77 78 
78 5 28 79 80 28 19 81 82 83 84 85 24 86 87 
66 88 
6 89 90 19 91 5 
92 93 64 94 95 96 5 97 93 98 
64 19 99 100 23 6 101 102 
66 103 
6 104 24 105 106 19 107 94 108 109 19 110 
111 112 19 113 6 114 19 115 6 116 117 
66 64 118 119 
6 116 5 120 66 121 122 123 124 23 125 47 
66 126 23 
127 128 64 
6 129 6 54 130 131 
132 133 134 6 135 136 19 137 
66 138 92 110 139 53 59 140 19 141 142 6 19 143 
6 144 145 146 147 148 6 149 
150 6 5 19 151 19 152 
6 104 153 154 6 19 155 156 157 64 158 159 19 160 
66 64 118 161 
66 64 162 
6 116 135 163 91 164 165 
64 166 6 116 167 24 155 89 168 19 160 
6 169 91 170 
64 19 6 135 171 59 90 19 172 
6 128 173 174 175 176 177 34 6 
66 126 23 
93 66 64 178 19 
6 144 134 179 19 6 149 19 
66 138 6 144 180 17 181 19 115 
6 104 182 183 54 139 135 54 59 90 19 184 
66 64 10 185 186 91 
93 66 64 178 19 
66 64 59 187 19 
111 188 19 6 10 67 59 189 19 190 64 68 
6 129 6 54 23 191 
66 192 6 173 6 149 158 193 19 
194 5 68 6 129 6 99 121 23 6 91 
66 64 10 195 
6 188 64 24 196 
6 158 131 197 6 149 19 
127 128 64 
64 19 6 198 13 169 6 91 106 23 
66 64 178 19 6 19 199 
6 170 200 53 6 91 
66 126 23 
201 202 19 64 177 19 
47 203 204 53 157 205 
6 200 206 
150 6 207 10 114 6 
183 5 6 208 
209 210 211 6 
66 192 6 212 6 135 158 213 214 215 6 19 26 
65 6 68 6 10 67 
6 99 67 216 217 218 
92 6 219 220 221 222 72 
6 24 191 152 6 99 223 73 224 23 
6 19 225 226 227 228 19 229 134 230 19 
6 231 24 232 233 234 23 71 62 
66 64 59 140 19 225 
66 64 59 140 19 225 
6 19 235 236 135 237 238 239 
240 80 6 19 241 18 226 227 66 19 242 
6 231 10 243 6 244 7 245 
6 246 200 6 220 6 91 19 247 248 
6 231 175 176 53 249 170 
66 64 118 119 
66 64 59 250 
66 64 118 161 
6 231 6 10 149 251 
6 252 64 253 6 254 255 
256 124 19 
6 10 257 6 149 258 
64 19 6 259 18 64 260 261 6 
6 231 6 10 149 251 
6 188 226 262 263 264 19 115 
6 169 111 265 256 266 10 267 66 268 269 6 19 270 271 
6 244 6 128 124 272 273 274 157 38 163 6 275 59 276 
6 277 184 64 59 278 
170 6 200 6 19 279 6 280 
6 10 67 281 282 160 283 284 66 
111 265 191 152 6 5 10 285 19 276 
286 6 287 192 66 267 23 
66 126 23 
288 66 114 289 290 
6 149 158 291 197 6 292 293 294 
66 138 6 10 200 295 19 
66 138 6 252 149 296 297 298 
6 231 6 10 149 251 
66 64 299 
6 209 144 237 23 300 19 158 274 
6 231 114 
24 191 301 6 64 302 10 195 
66 5 
66 303 
66 192 6 126 23 
6 10 304 305 
306 
307 91 
83 10 145 308 73 309 7 310 
6 10 311 312 
66 313 314 189 315 316 
6 19 317 5 6 10 149 318 319 236 320 
321 66 209 322 323 324 325 144 226 90 
6 10 169 326 59 276 135 265 327 328 
157 308 73 329 330 19 331 
332 19 333 334 
333 335 336 337 64 338 339 340 341 342 32 343 334 19 344 345 64 346 24 347 348 349 350 351 352 353 19 354 355 
356 
357 19 339 
306 
68 64 66 358 114 19 359 
68 64 66 358 114 19 359 
360 361 362 32 363 19 364 339 365 348 366 367 368 369 370 371 279 19 372 
373 374 157 64 375 376 19 137 45 362 19 377 
47 64 378 375 379 220 380 381 19 115 283 382 249 19 304 32 383 
66 200 316 309 384 23 385 
228 386 19 64 76 305 
387 276 388 34 6 6 389 184 
305 98 390 19 
6 244 391 392 
184 64 389 19 228 393 305 
394 64 108 395 19 
157 329 396 
6 19 397 398 399 268 400 401 10 369 
66 10 135 402 403 404 
405 
406 64 407 32 372 19 408 409 410 411 19 412 
413 
64 19 6 414 415 416 19 417 418 19 419 
92 64 6 19 420 
421 19 422 73 135 423 424 
425 157 308 73 178 6 19 426 427 173 428 
157 308 178 6 19 429 430 73 173 428 
98 94 6 135 313 313 
157 308 73 178 6 19 429 431 173 428 
422 432 64 433 434 19 344 435 
436 6 19 437 438 
6 19 437 439 108 440 254 
231 228 441 
228 89 442 
228 98 443 444 
445 173 91 19 446 447 66 67 
445 64 6 358 114 19 448 
288 66 169 6 64 449 412 68 450 192 66 451 452 
453 6 61 109 19 305 6 19 445 437 
6 98 454 445 
6 455 64 456 19 89 220 457 
6 458 108 189 459 460 455 64 461 
445 173 462 463 19 464 465 32 466 281 467 19 468 469 24 470 471 472 473 474 19 475 445 476 268 477 54 478 479 184 
480 445 64 59 262 481 477 20 482 480 19 483 480 445 484 64 59 485 19 486 223 487 19 483 488 135 489 490 59 491 19 477 169 18 492 348 493 59 276 494 
6 64 59 480 445 6 64 495 19 480 445 66 67 6 89 496 385 
59 497 64 59 197 18 175 498 499 158 274 19 276 
500 6 173 501 173 59 502 19 424 
6 24 480 445 503 
504 64 487 480 445 19 505 31 
480 445 506 23 59 209 254 19 507 
192 480 445 209 508 
66 509 510 511 19 422 385 
348 477 512 513 228 514 421 19 515 516 517 518 519 520 64 521 
522 91 108 110 32 108 515 523 21 524 525 32 31 
6 19 422 24 421 526 527 528 529 530 32 531 
281 532 504 19 533 
6 19 534 24 504 288 6 24 281 535 527 184 
6 24 536 533 527 184 537 482 538 178 6 539 201 
6 24 536 533 527 184 540 541 482 538 178 6 539 201 542 24 281 297 184 
157 10 144 543 55 6 64 544 19 456 
93 66 149 487 91 19 480 445 283 545 66 19 418 
108 
64 
10 422 226 313 546 
10 6 64 456 19 
6 19 437 547 529 548 94 18 439 108 549 
108 6 19 550 551 64 434 
286 6 19 437 439 108 552 6 216 553 24 554 
10 6 135 313 313 
286 6 19 437 98 216 6 216 553 24 535 
6 98 171 555 556 19 
6 19 445 437 38 557 6 558 71 152 
10 293 559 560 561 19 562 563 228 268 421 564 565 566 
144 24 567 568 569 570 32 571 480 445 351 237 
10 422 226 313 546 
572 276 169 59 573 64 24 574 59 575 576 577 578 19 579 
59 580 581 99 426 424 23 582 583 
584 64 585 222 586 587 588 
589 590 19 591 
586 587 588 
64 24 592 593 19 594 595 
596 64 358 210 28 597 598 599 
183 64 596 
597 598 19 600 
68 64 601 
6 387 602 603 604 68 28 34 66 605 64 606 19 115 
6 67 607 19 608 19 609 
157 64 6 358 114 19 610 611 
6 99 612 23 191 610 
6 613 614 615 66 616 
617 6 67 618 
619 620 621 32 622 
623 265 624 66 358 114 68 610 
111 625 378 222 626 587 627 628 445 
6 114 28 19 629 630 115 631 632 90 
633 634 619 
64 635 358 636 19 637 611 
111 59 254 598 66 638 639 482 19 276 24 640 641 
6 169 642 64 59 643 19 598 66 644 645 
28 64 358 114 19 646 
64 647 648 649 
6 358 114 19 598 64 650 651 
6 652 653 654 655 
6 114 19 656 657 
658 64 659 19 660 
661 662 
663 222 664 593 
665 587 666 
6 667 254 19 66 668 
6 128 439 177 
92 209 254 
64 166 
669 
669 385 
6 439 177 
92 209 254 
64 166 
194 670 66 68 385 
64 19 6 173 118 279 
68 279 
6 135 671 672 673 385 
209 674 6 108 
675 
10 676 
6 439 177 66 668 
6 128 177 
92 677 
68 678 
6 679 
66 358 114 68 680 
681 
183 183 21 682 23 59 276 683 
684 66 668 
685 686 19 190 
6 687 
6 688 157 98 66 19 689 94 157 690 64 80 59 686 19 276 19 278 691 692 65 6 66 114 693 385 
6 114 645 
66 114 694 645 
695 696 697 
6 244 6 64 698 699 
66 185 126 23 94 256 65 66 59 580 421 700 19 276 73 64 
66 24 701 68 
6 24 702 703 
10 703 209 704 166 
705 282 704 19 115 
387 23 
282 115 128 9 
706 66 707 
66 452 708 709 68 
66 64 118 445 385 
64 19 
47 64 606 19 
66 452 708 710 301 
66 379 711 
293 209 712 
712 713 714 
715 713 712 
716 717 718 719 19 720 
66 721 209 722 504 723 
64 19 
66 67 47 19 421 724 385 
725 726 13 727 
728 23 729 714 
730 726 13 712 
712 713 714 
731 726 13 732 
733 726 13 734 
735 209 736 
737 738 739 19 740 741 
128 742 743 744 745 
746 747 421 748 
321 66 749 304 750 54 
113 424 751 144 746 223 124 719 
752 266 261 344 230 64 753 344 754 19 755 
756 157 365 10 508 55 66 98 504 757 
54 93 758 10 54 
94 759 139 760 439 761 10 54 
120 66 314 48 276 762 66 19 763 92 188 98 59 254 764 
120 765 551 209 508 766 92 93 64 118 254 764 
767 768 64 344 769 19 770 228 771 772 773 
6 774 
6 64 118 775 
66 237 68 31 668 
6 257 237 776 32 777 
778 237 504 
6 779 114 780 
68 781 66 782 
47 173 71 10 783 19 297 
47 19 151 64 66 784 785 66 786 787 788 19 
6 175 789 5 19 
329 66 379 464 248 
790 64 791 792 32 793 19 137 529 794 550 795 796 32 461 797 19 798 799 
111 59 464 800 311 
801 80 707 
802 803 6 746 746 19 66 668 
804 805 705 654 66 114 654 385 
114 
806 807 26 228 808 124 809 707 
6 810 19 309 259 445 19 811 5 707 
652 24 6 19 812 87 64 178 813 19 168 747 32 812 814 128 64 178 293 815 19 32 91 19 168 747 32 812 
6 178 66 19 816 64 477 32 817 818 819 19 820 32 821 66 135 145 47 822 652 
66 509 510 24 823 19 824 19 276 157 64 825 826 
6 458 108 303 19 827 94 24 66 19 828 256 829 
111 90 214 830 32 220 169 831 832 98 833 66 19 834 365 835 421 836 
6 64 59 108 585 837 66 83 10 838 19 839 
840 841 842 23 843 844 845 846 847 848 849 18 365 5 286 850 851 852 853 854 
855 856 857 858 19 859 192 6 59 348 308 
860 861 862 23 238 863 864 865 866 19 867 565 18 145 47 868 869 870 871 
872 873 874 24 875 351 876 176 19 877 276 145 510 878 879 59 880 19 881 882 883 877 884 885 523 886 887 462 874 19 888 
889 890 276 891 64 892 19 288 18 893 894 895 19 896 897 23 898 899 19 900 66 89 173 66 19 891 206 901 
902 903 19 904 905 7 906 907 527 908 23 909 910 911 6 24 912 183 913 6 19 914 19 276 
66 509 183 124 915 365 718 916 917 858 28 452 918 919 920 
921 922 923 924 925 926 365 24 212 18 24 927 928 386 18 861 19 929 930 931 926 932 933 23 59 934 142 935 365 936 18 937 28 938 922 939 24 59 940 19 941 942 
943 173 944 34 18 945 59 946 947 948 220 767 268 949 493 59 220 950 59 951 948 220 767 268 952 142 953 28 19 954 955 19 91 19 956 24 957 19 958 82 65 82 19 959 82 244 82 128 173 949 19 956 28 960 5 18 64 268 961 944 19 962 120 66 602 963 66 99 121 949 
921 964 965 23 59 966 51 567 18 19 967 968 969 276 73 114 970 971 19 190 972 288 18 19 503 973 974 966 893 10 285 23 28 19 975 209 976 55 249 200 173 395 786 402 977 978 80 977 979 934 980 981 977 718 966 7 18 212 982 18 981 23 18 217 785 718 23 288 966 983 984 985 986 987 988 19 358 989 19 990 28 124 23 977 19 991 992 18 993 23 18 19 994 995 18 19 996 365 997 120 18 998 28 226 97 19 254 23 185 999 23 977 1000 23 365 24 91 19 40 1001 157 897 23 985 1002 985 135 1003 966 977 
1004 469 66 1005 1006 1007 7 28 14 19 790 1008 23 1009 1010 1011 1012 19 1013 28 19 1014 28 128 292 1015 1016 1017 28 1018 365 348 28 1019 19 1020 28 786 1021 1022 414 1023 157 192 28 68 111 1024 140 157 64 209 254 19 574 1022 1025 1026 1027 19 1028 1029 
173 59 276 183 1030 1031 1032 19 238 62 244 1032 351 19 488 59 1033 18 1034 209 1035 24 1036 108 1032 54 23 
66 113 66 1037 59 1038 32 1039 1040 66 61 23 68 
66 113 66 1037 59 1041 32 59 1042 66 61 23 68 
66 68 1043 1044 1045 32 59 1046 66 61 23 68 
113 66 1037 1047 32 1048 66 61 23 68 
66 113 66 1037 1049 32 1050 1051 66 226 61 68 
66 113 66 1037 1052 1053 32 1048 66 61 23 68 
66 113 66 1037 59 1053 32 59 1048 66 61 23 68 
113 66 1037 693 32 1042 66 61 23 68 
66 113 66 1037 1054 19 693 32 59 1055 66 61 23 68 
113 66 1037 693 32 1056 66 61 23 68 
66 113 66 1037 23 1057 19 1058 32 59 698 19 1059 66 61 23 68 
66 113 66 1037 23 1057 19 1058 32 59 698 19 1049 66 61 23 68 
66 68 1043 1044 1060 32 1061 66 226 61 68 
66 68 1043 1044 1062 32 1045 66 61 23 68 
66 68 1043 1044 19 1062 32 1063 66 61 23 68 
66 68 1043 1044 1064 32 1039 1040 66 61 23 68 
66 68 1043 1044 1064 32 59 1038 66 61 23 68 
66 68 1043 1065 1066 32 1067 66 226 61 68 
66 68 1043 1044 1068 32 1069 66 61 23 68 
66 68 1043 510 1070 32 1071 66 61 23 68 
66 68 1043 510 1070 32 1072 66 61 23 68 
66 68 1043 1044 1073 32 1074 66 61 23 68 
66 113 66 1037 1075 904 32 1076 66 226 61 68 
66 113 66 1037 59 1077 12 66 226 61 68 
66 113 66 1037 59 187 19 748 32 1078 1079 66 61 23 68 
66 113 66 1037 1080 32 1075 1049 66 61 23 68 
66 113 66 1037 1075 1081 32 1075 1082 19 276 66 226 61 68 
66 113 66 1037 1075 1081 32 59 1083 66 61 23 68 
66 113 66 1037 1075 1081 32 1075 1063 66 61 23 68 
66 113 66 1037 1075 1081 32 1075 1084 66 61 23 68 
66 113 66 1037 1075 1081 32 1075 1085 66 226 61 68 
66 68 1043 1044 1086 1087 32 59 1088 66 61 23 68 
66 113 66 1037 59 698 19 1089 32 1090 1091 66 61 23 68 
66 68 1043 1044 1086 864 32 59 1063 66 61 23 68 
66 113 66 1037 59 187 19 864 32 1092 19 1093 66 61 23 68 
1094 1095 19 1096 
1097 587 1098 
1099 
1100 32 1101 
1102 1103 1104 1105 1106 
1107 
1108 1109 587 1110 
1111 1074 
1112 1113 
1114 
1115 1116 
1117 1118 
1119 
59 1120 1121 1122 
6 1123 108 1124 1125 
59 1120 171 1126 1127 1128 1129 32 1130 1131 23 222 1132 1133 482 1134 19 1135 462 1136 19 1137 47 64 24 59 1138 1139 348 1140 1141 1142 1143 1144 
59 1120 59 1145 1146 19 1147 1148 1122 1149 1150 24 1151 348 24 1152 1153 1154 1155 1129 220 1156 482 171 437 513 1157 32 1158 19 281 1159 1160 64 1161 
6 10 114 1124 684 274 
66 203 24 528 1162 528 1163 1021 1164 61 68 1165 
66 114 1166 1167 1131 
1168 64 1169 32 1129 928 1147 1148 1122 1149 1150 818 1131 23 59 1170 1171 1172 1173 64 59 1174 19 1175 1176 19 1177 348 1178 1179 1180 1181 24 969 1182 1183 
1184 1185 23 300 19 26 
6 10 67 219 472 
10 6 108 178 1186 19 1187 
68 64 1186 385 
66 452 1188 
6 1189 1190 1191 
6 7 1190 
6 108 189 1192 1193 
1194 587 1195 587 1196 302 1197 
1198 64 636 19 1199 1200 90 
68 64 1201 
1202 98 6 19 515 611 
6 108 1203 19 199 
66 1204 385 
1205 275 817 6 108 110 
1206 1207 1208 254 6 135 
1209 98 189 19 335 315 19 1210 
1211 64 344 1212 19 477 1210 
66 1213 110 7 385 
66 110 
66 110 
66 200 652 
228 73 178 91 19 816 1214 
6 108 281 1210 288 6 89 189 296 1215 750 
66 110 
1216 64 344 477 19 515 445 10 1217 1216 
6 108 68 816 
1215 98 6 452 136 19 515 
68 192 66 1204 
1218 64 59 1219 19 477 1210 275 59 6 262 558 6 19 1218 
1220 64 344 1212 19 477 1210 
66 1221 
477 1222 515 
266 746 206 1223 
445 209 159 
1218 98 6 135 136 19 515 
445 89 1224 
249 116 1220 152 1225 
445 313 810 1226 
6 108 1216 
66 110 
170 
66 267 385 
6 173 191 62 24 1227 
66 209 1228 
66 267 385 
6 266 746 1229 
111 59 209 1212 19 477 515 
6 135 267 
111 59 1230 19 279 
229 178 6 539 209 715 
6 516 256 1231 1232 
1233 1234 64 344 1212 19 1210 
65 6 158 274 378 66 19 110 
66 110 
10 6 1235 
1236 64 477 358 1219 19 1210 611 
191 276 73 1237 23 744 1238 
6 114 32 45 59 512 441 
572 276 1239 146 296 1240 
108 6 53 1241 512 1242 
6 178 536 1243 1244 228 135 386 281 152 6 358 114 19 1245 64 445 32 533 1246 1247 
6 108 281 433 
256 1248 1249 
1250 
6 108 281 1251 94 6 173 191 434 
59 276 
1252 6 108 81 
6 439 1253 
6 19 1254 1255 73 65 6 157 59 
64 19 1256 1257 23 238 159 19 1258 
1259 828 45 47 64 1260 19 682 
1261 1262 1263 1264 331 
1265 1266 476 1267 1268 283 59 1269 1041 1270 369 19 1266 
59 155 1265 1124 1271 1272 365 1273 59 1274 1275 155 19 1275 1276 1277 19 324 1278 
113 59 276 19 1279 482 1280 414 1281 482 688 
111 185 135 812 19 
616 1282 1283 
98 1284 6 98 1285 
6 532 23 1286 1287 
1288 587 1289 
47 1290 233 139 226 1291 
1291 1290 233 
572 276 114 1292 
1293 
669 
669 
1294 
667 254 
667 254 19 
177 
1295 
1296 239 
779 254 
667 254 
209 254 675 
439 177 66 668 
675 
6 209 254 
6 209 254 66 668 
675 66 66 128 512 
675 66 66 128 512 
1297 66 
675 
1298 
779 19 
1298 66 668 
387 1299 
1300 675 66 668 
6 19 430 10 304 281 1301 
1302 445 19 1303 
6 19 1304 304 1016 19 1305 
455 6 853 292 1306 
64 19 231 6 114 6 108 281 437 288 6 10 304 106 19 248 1002 205 1306 6 810 61 1307 94 6 10 304 402 281 115 6 135 124 1308 281 297 
6 98 59 1309 94 6 200 1310 54 1311 1312 32 1313 178 10 178 
1314 
1315 64 1316 19 1317 
1318 408 1247 19 1319 32 282 435 19 1320 1321 365 348 1266 1322 1323 1321 19 1324 
1325 1326 19 372 
111 1247 1327 377 19 372 
47 64 1132 1328 1329 1330 1331 268 1332 1333 1334 1335 1336 1337 1338 
1339 24 1340 221 32 1341 351 237 24 1342 369 
209 1343 19 420 268 533 1344 1345 
24 1346 1347 1348 348 1349 1350 1155 348 1351 1352 1353 749 1354 358 1355 1356 1203 19 1357 365 24 1358 1282 19 1359 348 1360 19 1361 1362 32 1021 640 19 1363 47 19 1364 1365 64 1366 1367 1365 1368 1369 47 19 1370 1371 64 1365 1372 118 1373 1172 1374 1375 19 1376 64 1377 1373 128 1378 1379 59 1021 1380 19 943 
228 386 293 19 1043 228 17 1381 178 
1382 19 1383 
1384 377 
254 23 786 6 439 1385 47 64 1384 19 377 
1386 19 1358 24 1387 1388 19 1389 527 1390 1391 281 1392 19 1393 7 1394 222 1395 1396 19 45 1397 980 64 135 220 1398 64 344 411 160 
157 64 222 1399 1400 19 1401 32 1402 19 1403 
1404 1405 1406 344 
1407 222 1132 59 1408 482 1409 529 1410 19 1411 1412 365 574 1290 1408 482 1413 19 1411 1414 1412 
348 1395 19 1316 
1415 
1359 64 1416 1417 399 1418 1419 1369 
1415 
1420 786 1417 527 1421 399 1422 1369 
68 64 1423 
68 64 1424 
6 358 114 19 1245 64 1423 
157 1425 228 227 
68 64 1426 
1427 64 1416 1359 1428 1357 1429 
178 6 539 111 59 636 19 1430 
6 19 1431 73 1432 192 6 708 66 
259 6 1414 121 19 
68 64 1433 
1434 1435 13 1436 651 
625 1437 19 598 1438 
64 378 1439 1440 1441 59 1442 1443 19 1444 585 1445 
1446 64 1447 1448 19 538 1449 
183 64 1450 
1451 1452 525 
66 114 385 
617 108 618 
98 477 
1002 7 282 445 
28 64 59 1453 19 1454 
28 64 59 1453 19 445 
27 173 582 279 304 1276 
1455 64 183 1456 1457 1458 170 1459 59 1460 
1461 587 1462 
6 358 114 19 645 64 1463 
1464 
28 173 238 1465 94 228 19 1466 191 
27 64 1467 19 406 650 651 
66 200 1468 64 1469 19 
6 24 1470 818 19 1471 1021 1244 
1472 620 1473 1474 1475 360 26 19 1476 786 276 19 1477 52 1478 19 1479 
6 114 386 445 32 535 19 1472 
6 178 1472 1480 23 66 114 68 1376 
1472 527 173 1481 766 157 329 1482 1184 168 571 275 736 1483 19 1484 
586 587 1485 
1486 587 1487 
