3 3 3 3
3
4 5 6 
7 8 6 
6 
6 
6 
9 7 6 10 
9 7 6 10 
9 7 6 10 
9 7 6 10 
9 7 6 10 
9 7 6 10 
9 7 6 10 
11 8 12 4 13 14 
4 15 16 17 
4 15 18 
4 19 
4 19 
4 15 20 
4 15 21 22 
4 15 21 23 
4 15 24 25 
4 15 26 
4 27 28 
4 15 29 
4 15 30 
4 15 31 
4 15 32 17 
4 33 34 
4 15 35 
4 15 36 
4 15 36 
4 15 37 38 17 
4 39 40 
4 15 41 
4 15 42 
4 15 9 43 
4 15 44 
4 15 9 45 
4 46 47 17 
4 48 49 50 
4 48 51 52 
4 15 53 54 
4 15 53 54 
4 48 13 55 
4 48 56 
4 15 53 57 
4 15 53 58 
4 15 53 59 
4 15 53 59 
4 15 60 17 
4 15 61 
4 15 62 17 
4 15 63 64 
4 15 63 
4 15 53 65 
4 15 66 
4 67 
4 15 68 
4 15 9 69 
4 15 9 69 
4 15 70 
71 15 9 72 17 
4 15 13 73 
4 15 21 74 
4 15 21 75 
4 15 13 76 
4 15 13 77 
4 15 13 38 17 78 
4 15 13 79 17 80 
4 15 13 81 82 
4 15 13 81 83 
4 15 13 81 84 
4 15 13 81 85 
4 15 13 86 17 87 
4 15 21 75 
4 15 13 88 
4 15 21 22 
4 15 13 89 
4 15 90 17 
4 15 91 
4 15 92 
4 15 93 
4 94 
4 15 89 
4 95 96 
97 98 99 100 
4 101 
4 102 13 103 
4 102 104 105 106 107 
4 108 109 110 
4 11 8 111 8 
4 11 8 39 40 
4 11 8 112 
4 44 
4 113 104 114 
4 115 116 
4 117 118 
4 119 120 121 
4 119 122 104 123 17 
4 119 124 
4 119 125 104 123 
4 126 
4 127 128 114 21 129 
4 130 131 
4 132 106 133 
4 11 8 39 40 
4 134 135 136 
137 
137 
137 
137 
137 
137 
137 
137 
138 
139 15 140 
139 15 141 
139 15 137 
139 15 137 
139 15 137 
139 15 4 37 142 17 143 
139 15 4 37 142 17 143 
139 15 144 
139 15 144 
139 15 144 
8 145 146 40 
141 
4 147 148 
4 147 148 
4 147 148 
4 149 148 141 
4 134 148 141 
148 141 
148 141 
150 151 
152 15 153 154 17 155 
139 15 156 
4 157 17 15 139 158 
4 159 160 114 161 
4 15 13 162 158 163 
4 46 164 17 
4 9 165 
4 9 165 
4 15 164 17 
4 9 166 165 
4 167 168 
4 167 169 
170 
171 172 
171 119 173 
171 174 
171 53 175 176 
171 
177 178 179 
4 139 180 181 
4 139 180 182 
4 139 180 183 173 
4 139 180 173 
139 15 171 
139 15 184 171 
139 15 184 171 
139 15 185 
4 17 171 186 15 139 
4 17 187 15 139 
4 37 142 17 188 15 139 
4 37 142 17 189 15 139 
4 17 190 15 139 
191 192 139 193 17 194 
139 15 142 195 13 171 
100 15 196 17 197 
139 198 
139 199 17 179 
4 15 139 199 17 197 
196 17 179 
196 17 200 
8 45 4 173 
8 201 173 
100 49 197 202 15 203 17 
15 204 4 15 13 205 
4 183 173 
4 183 173 
4 109 206 136 
4 207 208 
4 207 209 
4 207 173 136 
4 109 210 136 
4 207 211 
4 207 212 
4 109 213 
8 214 215 191 17 216 
4 183 173 
139 15 217 
139 15 217 183 
139 15 218 
139 15 217 183 
15 152 157 17 218 
152 15 219 220 221 222 
152 15 223 
152 15 223 
152 15 223 
152 15 217 
152 15 224 225 
4 226 227 
228 4 229 230 231 
4 232 233 234 235 
134 4 229 40 236 237 
4 226 238 
4 226 238 
239 240 241 242 
139 15 129 243 244 
245 240 246 
247 248 
249 
195 250 17 171 251 
252 240 253 
4 254 142 255 256 
254 15 257 258 17 259 
260 261 
262 240 263 
264 
265 266 
15 152 157 17 267 
15 152 157 17 268 
15 152 157 17 230 231 
269 270 136 
269 270 136 
269 270 136 
269 270 136 
270 
270 
270 
270 
270 
270 
270 
270 
270 
270 
270 
270 
270 136 
270 136 
270 136 
4 271 272 40 136 
4 37 142 139 237 
4 37 142 139 237 
4 37 142 139 237 
4 15 152 
4 15 152 
4 15 152 
4 15 152 
4 15 152 
4 15 152 
4 15 152 
4 15 152 
4 15 152 
4 15 152 
8 49 195 21 273 
8 49 195 21 273 
274 15 13 275 
274 15 13 275 
274 15 13 275 
274 15 13 275 
274 15 13 275 
274 15 13 275 
274 15 13 275 
274 15 13 275 
274 15 13 275 
274 15 13 275 
274 15 13 275 
274 15 13 275 
274 15 13 275 
276 277 278 
276 277 278 
276 277 278 
276 277 278 
276 277 278 
276 277 278 
276 277 278 
276 277 278 
276 277 278 
276 277 278 
276 277 278 
276 277 278 
276 277 278 
276 277 278 
276 277 278 
276 277 278 
276 277 278 
276 277 278 
276 277 278 
276 277 278 
276 277 278 
276 277 278 
276 277 278 
276 277 278 
276 277 278 
4 15 13 279 136 
4 15 13 279 136 
4 15 13 279 136 
4 15 13 279 136 
4 15 13 279 136 
4 15 13 279 136 
4 15 13 279 136 
280 15 139 259 
280 15 139 259 
8 281 282 136 
8 281 282 136 
8 281 282 136 
283 12 4 13 14 136 
4 142 139 284 
4 17 189 15 139 
4 17 189 15 139 
4 17 189 15 139 
8 7 4 13 285 4 201 286 287 131 
139 15 288 
4 289 
290 
290 
290 
290 
290 
290 
290 
290 
290 
290 
290 
290 
290 
290 
290 
290 
290 
290 
290 
290 
290 
290 
290 
290 
290 
290 
290 
290 
290 
290 
290 
290 
290 
290 
290 
290 
290 
290 
290 
290 
290 
290 
290 
290 
290 
290 
290 
7 8 291 292 
4 5 139 292 
172 17 292 
293 17 292 
139 15 294 
152 15 295 296 297 298 299 
300 299 301 302 303 
304 305 15 306 307 308 309 310 49 311 312 313 314 17 315 316 202 17 317 
318 319 320 17 321 15 139 
13 322 323 49 100 17 324 325 53 326 327 286 322 17 328 100 329 139 
330 304 331 332 333 334 335 336 337 338 100 15 339 139 295 340 341 17 
342 343 344 17 345 346 329 139 
347 348 15 349 350 17 351 
352 353 15 139 354 17 355 17 356 
357 215 17 358 359 360 332 361 339 362 363 17 364 17 365 286 366 100 15 139 
367 368 369 
370 4 15 371 372 
139 15 373 
139 374 
139 15 369 
139 15 374 
8 288 369 
8 375 
8 376 377 
139 15 378 
8 376 379 
4 375 136 
4 380 
4 5 381 
4 5 381 
4 5 381 
142 373 
4 15 13 374 
152 15 37 382 17 369 383 
152 15 384 17 374 385 
7 8 386 369 
4 387 
4 15 388 
4 389 390 391 
4 392 
4 389 390 55 
4 183 393 17 
4 119 394 
4 167 359 395 
4 167 396 
4 111 
4 134 288 
397 11 4 
397 11 4 391 
398 
4 17 399 15 139 
4 17 400 15 139 
139 11 4 391 
139 11 4 53 393 
139 11 4 39 40 
4 401 139 
4 402 139 
8 134 403 
8 27 404 
405 
406 112 
8 406 207 407 4 
408 401 
53 176 
4 409 136 
4 359 403 
4 359 410 
4 183 39 40 136 
4 183 411 
4 183 111 412 
4 112 40 
4 413 10 
4 183 120 414 
4 39 40 
53 100 46 
7 8 415 
7 8 4 17 416 
4 27 417 
359 
4 134 314 359 
4 418 40 
4 419 
4 27 412 
4 27 420 
4 421 
4 391 136 
4 17 422 15 139 
4 17 423 15 148 
4 254 167 424 
4 17 365 15 139 
4 134 425 
152 15 4 17 426 
152 15 4 427 
4 428 
4 406 5 17 429 
4 226 17 430 
139 15 431 
139 15 432 433 434 
139 15 431 
139 15 435 
139 15 436 
8 53 142 437 
8 53 142 437 
4 142 437 
254 437 
152 15 438 436 299 
152 15 439 
152 15 439 
437 
270 
440 
441 
270 
440 344 214 
440 344 214 
440 344 214 
440 344 214 
440 344 214 
440 344 214 
270 136 
270 136 
270 136 
27 421 442 4 
4 443 136 
4 443 136 
440 27 421 442 4 
27 421 444 4 
269 
269 
406 40 
406 40 
406 40 
406 40 
406 40 
4 445 136 
446 
4 447 448 449 
254 167 4 424 
4 142 450 13 451 
139 15 452 453 
139 454 429 455 456 
139 15 457 
139 15 452 
139 15 458 
139 15 459 
139 15 460 461 462 17 423 
139 15 463 
139 15 464 465 
139 15 466 
139 15 467 
139 15 468 
139 15 469 
139 15 469 
139 15 457 
139 15 470 
139 15 471 
139 15 471 
472 15 49 473 17 457 
474 475 
475 15 474 
476 475 
476 475 
4 5 458 
4 5 452 
458 
473 457 
7 8 386 466 
7 8 386 466 
4 159 160 114 477 
4 159 160 114 478 
4 479 480 481 482 
483 484 
485 486 195 
139 15 483 
139 15 486 
139 15 487 17 
139 15 488 
177 139 477 489 
8 490 40 491 
15 492 4 17 493 
477 15 494 17 
477 15 55 17 
477 15 495 
15 477 496 
15 477 
152 15 497 
152 15 498 
499 
500 501 502 477 
4 111 477 
4 5 477 
7 8 386 295 503 
4 5 295 503 
139 15 504 
196 17 504 
4 505 504 506 
507 508 
152 509 40 510 
152 509 40 511 
